A = [-2 1 3; 0 1 1];
B = [3 1 1; 0 1 -2];
C = [-1 3; 0 2; -2 1];
D = [-2 0; 1 1; 3 1];
E = [3 0; 1 1; 1 -2];
F = [-1 0 -2; 3 2 1];

V = A.*B
W = B*C
X = 5*A
Y = E+C
Z = D*B